98471,50022
98471,51247
98313,51247
98313,52453
97934,52453
97934,53703
98330,53703
98330,54902
97984,54902
97984,56039
97240,56039
97240,57357
97876,57357
97876,58495
97270,58495
97270,59614
96671,59614
96671,60903
96888,60903
96888,62000
96259,62000
96259,63234
96170,63234
96170,64294
95484,64294
95484,65695
95847,65695
95847,66844
95416,66844
95416,67945
94865,67945
94865,69031
94291,69031
94291,70224
93962,70224
93962,71368
93511,71368
93511,72053
92171,72053
92171,73477
92251,73477
92251,74151
90983,74151
90983,75481
90838,75481
90838,76375
89979,76375
89979,77664
89706,77664
89706,78338
88553,78338
88553,79457
88019,79457
88019,80302
87127,80302
87127,81267
86387,81267
86387,82151
85553,82151
85553,82744
84414,82744
84414,84022
83990,84022
83990,84817
83065,84817
83065,85878
82384,85878
82384,86344
81171,86344
81171,87168
80277,87168
80277,88118
79477,88118
79477,88556
78284,88556
78284,89226
77275,89226
77275,90211
76474,90211
76474,91032
75548,91032
75548,91563
74440,91563
74440,91909
73235,91909
73235,92811
72337,92811
72337,92991
71063,92991
71063,93616
70015,93616
70015,94542
69090,94542
69090,94639
67806,94639
67806,94846
66585,94846
66585,95789
65627,95789
65627,95571
64274,95571
64274,96029
63147,96029
63147,96763
62084,96763
62084,96559
60781,96559
60781,96836
59602,96836
59602,97680
58522,97680
58522,97154
57201,97154
57201,98028
56093,98028
56093,97593
54817,97593
54817,98354
53659,98354
53659,98323
52427,98323
52427,97524
51181,97524
51181,97846
49977,97846
49977,98297
48753,98297
48753,98068
47539,98068
47539,98323
46297,98323
46297,98240
45071,98240
45071,97608
43913,97608
43913,97725
42665,97725
42665,96813
41586,96813
41586,96817
40355,96817
40355,96378
39214,96378
39214,96924
37826,96924
37826,95702
36899,95702
36899,96091
35514,96091
35514,95597
34390,95597
34390,95239
33220,95239
33220,94779
32088,94779
32088,93884
31143,93884
31143,93180
30135,93180
30135,93044
28860,93044
28860,92455
27797,92455
27797,91649
26857,91649
26857,91247
25692,91247
25692,90376
24806,90376
24806,90415
23336,90415
23336,89589
22417,89589
22417,89029
21311,89029
21311,88010
20549,88010
20549,87143
19684,87143
19684,86505
18631,86505
18631,85541
17859,85541
17859,84916
16777,84916
16777,84156
15810,84156
15810,83265
14971,83265
14971,81923
14632,81923
14632,81552
13211,81552
13211,80350
12742,80350
12742,79451
11915,79451
11915,78583
11036,78583
11036,77631
